[57816.694722] [Project1] 8270 1587790600.528438069 1587790602.356135655
[57820.096562] [Project1] 8271 1587790604.060382500 1587790605.757891274
[57823.491510] [Project1] 8272 1587790607.465121216 1587790609.152853828
[57826.805286] [Project1] 8273 1587790610.719655919 1587790612.466608703
[57830.200262] [Project1] 8274 1587790614.204312653 1587790615.861545964
[57833.471731] [Project1] 8275 1587790617.583295780 1587790619.133005990
[57837.072059] [Project1] 8276 1587790620.927835384 1587790622.733302364
[57840.432850] [Project1] 8277 1587790624.397663858 1587790626.094038485
[57843.797317] [Project1] 8278 1587790627.856481850 1587790629.458499351
[57847.432442] [Project1] 8279 1587790631.272004594 1587790633.093590378
