0 1200 -1
1 -1 0
2 500 0
2 500 0
2 200 0
1 -1 1
2 300 0
2 500 1
2 400 0
1 -1 2
2 100 0
2 500 1
2 500 2
2 100 0
1 -1 3
2 400 0
1 -1 4
2 500 1
2 100 2
1 -1 5
2 400 2
2 500 3
2 500 4
2 500 0
2 500 1
2 500 5
2 500 2
2 500 3
2 500 4
2 500 0
2 500 1
2 500 5
2 500 2
2 500 3
2 500 4
2 500 0
2 500 1
2 500 5
2 500 2
2 500 3
2 500 4
2 500 0
2 500 1
2 500 5
2 500 2
2 500 3
2 500 4
2 500 0
2 500 1
2 500 5
2 500 3
2 500 4
2 500 5
2 500 3
2 500 4
2 500 5
2 500 3
2 500 4
2 500 5
2 500 3
2 500 4
2 500 5
2 500 3
2 500 4
2 500 5
2 500 3
2 500 4
2 500 3
2 500 4
2 500 3
2 500 3
